{"Deltas":[{"Name":"RTRig_Chest","Delta":{"e00":1.0,"e01":-7.49879952078994e-33,"e02":-1.2246468525851679e-16,"e03":-0.0906314104795456,"e10":-7.49879952078994e-33,"e11":1.0,"e12":-1.2246468525851679e-16,"e13":0.0,"e20":1.2246468525851679e-16,"e21":1.2246468525851679e-16,"e22":1.0,"e23":2.7399365174083979e-17,"e30":0.0,"e31":0.0,"e32":0.0,"e33":1.0}},{"Name":"RTRig_L_Clavicle","Delta":{"e00":1.000000238418579,"e01":2.3841860752327195e-7,"e02":1.224647514329658e-16,"e03":0.09063134342432022,"e10":2.3841860752327195e-7,"e11":1.000000238418579,"e12":1.22464738198076e-16,"e13":-5.494105081993439e-8,"e20":-1.224647249631862e-16,"e21":-1.224647646678556e-16,"e22":1.0000004768371583,"e23":-4.0502134979192308e-10,"e30":0.0,"e31":0.0,"e32":0.0,"e33":1.0}},{"Name":"RTRig_L_Shoulder","Delta":{"e00":0.9999999403953552,"e01":0.0000074843919719569389,"e02":-0.00004329750663600862,"e03":-8.488800773420735e-9,"e10":-0.000007495395038858987,"e11":0.9999999403953552,"e12":0.00008867894939612597,"e13":-0.00000122582457606768,"e20":0.00004326253110775724,"e21":-0.00008866174903232604,"e22":1.0,"e23":0.00000714443422111799,"e30":0.0,"e31":0.0,"e32":0.0,"e33":1.0}},{"Name":"RTRig_L_HandGrip","Delta":{"e00":1.0,"e01":0.0,"e02":0.0,"e03":7.450580596923828e-9,"e10":0.0,"e11":1.0,"e12":-0.00004948076093569398,"e13":-4.656612873077393e-10,"e20":0.0,"e21":0.00004948076093569398,"e22":1.0,"e23":1.862645149230957e-9,"e30":0.0,"e31":0.0,"e32":0.0,"e33":1.0}},{"Name":"RTRig_L_IndexMeta","Delta":{"e00":1.0,"e01":1.4524240143920509e-10,"e02":-7.174515648245006e-9,"e03":9.792775479411376e-9,"e10":-1.759138612555944e-8,"e11":1.0000001192092896,"e12":-0.000049479876906843856,"e13":3.3082538930528928e-9,"e20":-1.2414522743142698e-9,"e21":0.000049479251174489036,"e22":0.9999999403953552,"e23":1.7403756213951738e-10,"e30":0.0,"e31":0.0,"e32":0.0,"e33":1.0}},{"Name":"RTRig_L_MiddleMeta","Delta":{"e00":1.0,"e01":8.256367256542774e-10,"e02":-1.327302934228669e-9,"e03":9.043680471165772e-9,"e10":-5.705454775295493e-9,"e11":1.0,"e12":-0.000049481266614748165,"e13":3.529923575662508e-10,"e20":1.3388500086364275e-8,"e21":0.00004948114656144753,"e22":1.0000001192092896,"e23":1.0990814924838333e-9,"e30":0.0,"e31":0.0,"e32":0.0,"e33":1.0}},{"Name":"RTRig_L_PinkyMeta","Delta":{"e00":0.9999858736991882,"e01":0.0012780883116647602,"e02":0.005156810395419598,"e03":0.000013691497770196293,"e10":-0.0013911467976868153,"e11":0.9997574090957642,"e12":0.02197953499853611,"e13":0.00013521767687052488,"e20":-0.005127467215061188,"e21":-0.021986400708556176,"e22":0.9997451305389404,"e23":0.00029508682200685143,"e30":0.0,"e31":0.0,"e32":0.0,"e33":1.0}},{"Name":"RTRig_L_PinkyProximal","Delta":{"e00":1.0,"e01":6.077429226536424e-9,"e02":-1.4770583367518243e-10,"e03":9.26924426103426e-10,"e10":4.166067668620599e-8,"e11":0.9997430443763733,"e12":-0.022663874551653863,"e13":9.142767654068962e-10,"e20":-1.4559631278387997e-9,"e21":0.022663872689008714,"e22":0.9997433423995972,"e23":-6.392120860398976e-11,"e30":0.0,"e31":0.0,"e32":0.0,"e33":1.0}},{"Name":"RTRig_L_RingMeta","Delta":{"e00":1.0000001192092896,"e01":-4.272918685543914e-10,"e02":-1.5614390891371955e-9,"e03":8.4945925848956e-9,"e10":-4.924574636966383e-10,"e11":1.0,"e12":-0.0000494815940328408,"e13":-4.2165415603534486e-10,"e20":-2.4711517276898577e-9,"e21":0.000049481666792416945,"e22":1.0,"e23":2.691806499921512e-10,"e30":0.0,"e31":0.0,"e32":0.0,"e33":1.0}},{"Name":"RTRig_L_ThumbCarpal","Delta":{"e00":1.0000001192092896,"e01":-1.3427678879907035e-7,"e02":-5.0696197462229978e-8,"e03":9.475357387600525e-9,"e10":1.3180823543734733e-7,"e11":1.0000001192092896,"e12":-0.000049590307753533125,"e13":1.1551485323835209e-9,"e20":-2.1978422637403129e-8,"e21":0.000049621394282439724,"e22":1.0000001192092896,"e23":2.6385926776839598e-9,"e30":0.0,"e31":0.0,"e32":0.0,"e33":1.0}},{"Name":"RTRig_Neck","Delta":{"e00":1.000000238418579,"e01":2.3841860752327195e-7,"e02":1.224647514329658e-16,"e03":0.09063134342432022,"e10":2.3841860752327195e-7,"e11":1.000000238418579,"e12":1.22464738198076e-16,"e13":-5.494105081993439e-8,"e20":-1.224647249631862e-16,"e21":-1.224647646678556e-16,"e22":1.0000004768371583,"e23":-4.0502134979192308e-10,"e30":0.0,"e31":0.0,"e32":0.0,"e33":1.0}},{"Name":"RTRig_Hair","Delta":{"e00":0.9997142553329468,"e01":2.846603024408978e-7,"e02":0.023904895409941675,"e03":0.0001375097781419754,"e10":-2.8529535711641076e-7,"e11":1.000000238418579,"e12":5.960469451338213e-8,"e13":-2.3434933993371488e-8,"e20":-0.023904891684651376,"e21":-6.67297683776269e-8,"e22":0.9997144341468811,"e23":-0.0019992589950561525,"e30":0.0,"e31":0.0,"e32":0.0,"e33":1.0}},{"Name":"RTRig_R_Hair","Delta":{"e00":-1.0,"e01":-8.272305366749388e-14,"e02":-2.8953112973795216e-7,"e03":-0.000009963563570636325,"e10":1.1298430181889974e-13,"e11":-1.0,"e12":-1.0451810084077806e-7,"e13":1.2386756509386033e-7,"e20":-2.8953112973795216e-7,"e21":-1.0451810084077806e-7,"e22":1.0,"e23":-1.7910598134815436e-12,"e30":0.0,"e31":0.0,"e32":0.0,"e33":1.0}},{"Name":"RTRig_HairBack_00","Delta":{"e00":0.999714195728302,"e01":6.623642434533395e-8,"e02":0.023904910311102868,"e03":-0.0018129585077986122,"e10":-6.751363201829008e-8,"e11":1.0,"e12":5.2621093260540877e-8,"e13":-1.4379143209453105e-8,"e20":-0.02390495501458645,"e21":-5.4219949419120897e-8,"e22":0.9997143745422363,"e23":-0.0036917119286954405,"e30":0.0,"e31":0.0,"e32":0.0,"e33":1.0}},{"Name":"RTRig_HairBack_01","Delta":{"e00":1.0,"e01":-1.1578580399963703e-16,"e02":0.0,"e03":0.000024354636479984038,"e10":2.1280953175605977e-15,"e11":1.0,"e12":1.3811392071452745e-15,"e13":-3.167770712408924e-9,"e20":1.54268171570493e-8,"e21":5.232247452549533e-16,"e22":1.0,"e23":0.0020371736027300359,"e30":0.0,"e31":0.0,"e32":0.0,"e33":1.0}},{"Name":"RTRig_HairBack_02","Delta":{"e00":1.0,"e01":2.745771383274898e-16,"e02":0.0,"e03":0.000024344240955542773,"e10":-2.745771118577102e-16,"e11":1.0,"e12":-2.7130744887602284e-17,"e13":-4.699825861820273e-9,"e20":-5.1948871870877159e-9,"e21":2.7130746541963509e-17,"e22":1.0,"e23":0.0020371738355606796,"e30":0.0,"e31":0.0,"e32":0.0,"e33":1.0}},{"Name":"RTRig_HairBack_03","Delta":{"e00":1.0,"e01":-4.592462821060271e-16,"e02":0.0,"e03":0.00002435176065773703,"e10":4.592462821060271e-16,"e11":1.0,"e12":-1.4461127156315429e-17,"e13":-5.14357623160322e-9,"e20":-5.1948871870877159e-9,"e21":1.4461130465037879e-17,"e22":1.0,"e23":0.0020371756982058288,"e30":0.0,"e31":0.0,"e32":0.0,"e33":1.0}},{"Name":"RTRig_HairBack_04","Delta":{"e00":1.0,"e01":0.0,"e02":-7.929292639152763e-12,"e03":0.000024355947971343994,"e10":0.0,"e11":1.0,"e12":0.0,"e13":-5.5481748084673658e-9,"e20":7.929292639152763e-12,"e21":0.0,"e22":1.0,"e23":0.002037175465375185,"e30":0.0,"e31":0.0,"e32":0.0,"e33":1.0}},{"Name":"RTRig_HairBangs","Delta":{"e00":0.9997144341468811,"e01":5.486599619075605e-8,"e02":0.023904891684651376,"e03":0.002073671668767929,"e10":-5.4850310959864149e-8,"e11":1.0,"e12":-1.3115760699733415e-9,"e13":-8.174036558727949e-9,"e20":-0.023904969915747644,"e21":1.6262842004869435e-16,"e22":0.9997143149375916,"e23":-0.0035371268168091776,"e30":0.0,"e31":0.0,"e32":0.0,"e33":1.0}},{"Name":"RTRig_HairPonytail_00","Delta":{"e00":0.9997142553329468,"e01":6.65526300736019e-8,"e02":0.02390497364103794,"e03":-0.002443463308736682,"e10":-6.781304051628467e-8,"e11":1.0,"e12":5.1914838650191089e-8,"e13":-1.2728918363791309e-8,"e20":-0.023904945701360704,"e21":-5.3521073795081978e-8,"e22":0.999714195728302,"e23":-0.002611824544146657,"e30":0.0,"e31":0.0,"e32":0.0,"e33":1.0}},{"Name":"RTRig_HairPonytail_01","Delta":{"e00":0.9999999403953552,"e01":2.77426220884891e-10,"e02":0.0,"e03":0.000020505702195805497,"e10":-2.774262486404666e-10,"e11":1.0,"e12":3.8092629051078577e-10,"e13":1.9532102601971248e-9,"e20":0.0,"e21":-3.8092629051078577e-10,"e22":0.9999999403953552,"e23":0.0017155195819213987,"e30":0.0,"e31":0.0,"e32":0.0,"e33":1.0}},{"Name":"RTRig_HairPonytail_02","Delta":{"e00":1.0,"e01":2.1632164948215406e-9,"e02":-2.1816809692154494e-8,"e03":0.000020501311155385338,"e10":-2.1632164948215406e-9,"e11":1.0,"e12":3.7252623208416937e-9,"e13":-1.9336976464501278e-9,"e20":-2.980232594040899e-8,"e21":-3.7252625428862986e-9,"e22":0.9999999403953552,"e23":0.0017155155073851348,"e30":0.0,"e31":0.0,"e32":0.0,"e33":1.0}},{"Name":"RTRig_HairPonytail_03","Delta":{"e00":1.0,"e01":5.639641184607136e-11,"e02":0.0,"e03":0.000020512668925221078,"e10":-5.639641184607136e-11,"e11":1.0,"e12":3.834588757634094e-10,"e13":-4.5341916887764459e-9,"e20":1.03502380000009e-8,"e21":-3.834588480078338e-10,"e22":0.9999999403953552,"e23":0.0017155156238004566,"e30":0.0,"e31":0.0,"e32":0.0,"e33":1.0}},{"Name":"RTRig_L_HairBack_00","Delta":{"e00":0.9998316764831543,"e01":0.01827106811106205,"e02":0.001578311319462955,"e03":-0.0005258885794319212,"e10":-0.018301522359251977,"e11":0.9995907545089722,"e12":0.021979596465826036,"e13":-0.003372805193066597,"e20":-0.0011760623892769218,"e21":-0.022004643455147744,"e22":0.9997571110725403,"e23":0.00037839944707229733,"e30":0.0,"e31":0.0,"e32":0.0,"e33":1.0}},{"Name":"RTRig_L_HairBack_01","Delta":{"e00":1.0,"e01":6.572286551792539e-12,"e02":-2.1816809692154494e-8,"e03":0.000015165942386374809,"e10":-6.572287419154277e-12,"e11":1.0,"e12":1.1383741171933082e-11,"e13":0.0010449294932186604,"e20":-2.980232594040899e-8,"e21":-1.1383741171933082e-11,"e22":0.9999999403953552,"e23":0.0013792281970381737,"e30":0.0,"e31":0.0,"e32":0.0,"e33":1.0}},{"Name":"RTRig_L_HairBack_02","Delta":{"e00":1.0,"e01":-2.218684258536996e-8,"e02":0.0,"e03":0.000010064393791253679,"e10":2.218684258536996e-8,"e11":1.0,"e12":3.9121390571494889e-9,"e13":-0.0002083091821987182,"e20":1.03502380000009e-8,"e21":-3.9121390571494889e-9,"e22":0.9999999403953552,"e23":0.0013936790637671948,"e30":0.0,"e31":0.0,"e32":0.0,"e33":1.0}},{"Name":"RTRig_L_HairBack_03","Delta":{"e00":1.0,"e01":-1.698540752492761e-10,"e02":0.0,"e03":0.00001193832667922834,"e10":1.6985406137148829e-10,"e11":1.0,"e12":2.245069061213023e-11,"e13":-0.0006307127187028527,"e20":-5.1948871870877159e-9,"e21":-2.2450688877406756e-11,"e22":1.0,"e23":0.0013986952835693956,"e30":0.0,"e31":0.0,"e32":0.0,"e33":1.0}},{"Name":"RTRig_L_HairBack_04","Delta":{"e00":1.0,"e01":0.0,"e02":-2.4887860869404756e-16,"e03":0.000013485550880432129,"e10":0.0,"e11":1.0,"e12":0.0,"e13":-0.0008354831952601671,"e20":2.4887860869404756e-16,"e21":0.0,"e22":1.0,"e23":0.0014008270809426904,"e30":0.0,"e31":0.0,"e32":0.0,"e33":1.0}},{"Name":"RTRig_L_HairBangs","Delta":{"e00":0.9997144341468811,"e01":5.486599619075605e-8,"e02":0.023904891684651376,"e03":0.0018706420669332147,"e10":-5.4850310959864149e-8,"e11":1.0,"e12":-1.3115760699733415e-9,"e13":-9.693428282275818e-9,"e20":-0.023904969915747644,"e21":1.6262842004869435e-16,"e22":0.9997143149375916,"e23":-0.003534687217324972,"e30":0.0,"e31":0.0,"e32":0.0,"e33":1.0}},{"Name":"RTRig_L_HairFront_00","Delta":{"e00":0.999714195728302,"e01":-1.2793977077762975e-7,"e02":0.023904860019683839,"e03":0.0013997843489050866,"e10":4.2146844236867767e-8,"e11":0.9999999403953552,"e12":1.1920928955078126e-7,"e13":3.0030555819848817e-8,"e20":-0.023904912173748018,"e21":-6.219468673407391e-8,"e22":0.9997142553329468,"e23":-0.004051764030009508,"e30":0.0,"e31":0.0,"e32":0.0,"e33":1.0}},{"Name":"RTRig_L_HairFront_01","Delta":{"e00":1.0,"e01":3.912878758357489e-16,"e02":-2.1816809692154494e-8,"e03":0.000012819922631024383,"e10":-3.912879023055285e-16,"e11":1.0,"e12":2.8318709588743176e-16,"e13":0.0015163276111707092,"e20":-2.980232594040899e-8,"e21":-2.8318709588743176e-16,"e22":0.9999999403953552,"e23":0.000012817632523365319,"e30":0.0,"e31":0.0,"e32":0.0,"e33":1.0}},{"Name":"RTRig_L_HairFront_02","Delta":{"e00":1.0,"e01":-1.2946111738187938e-8,"e02":0.0,"e03":0.000023908529328764416,"e10":1.2946112626366358e-8,"e11":1.0,"e12":9.236690188749175e-13,"e13":0.0020712779369205238,"e20":1.542725769354547e-8,"e21":-9.237055564881302e-13,"e22":1.0,"e23":0.000006416074029402807,"e30":0.0,"e31":0.0,"e32":0.0,"e33":1.0}},{"Name":"RTRig_L_HairFront_03","Delta":{"e00":0.9999999403953552,"e01":8.19630363579904e-10,"e02":-2.227714013258719e-9,"e03":0.000025620378437452018,"e10":-8.196302525576016e-10,"e11":1.0,"e12":-2.737349758196822e-16,"e13":0.002144396537914872,"e20":-2.9668050238740308e-9,"e21":2.740863092043355e-16,"e22":1.0,"e23":5.192680063714761e-9,"e30":0.0,"e31":0.0,"e32":0.0,"e33":1.0}},{"Name":"RTRig_L_HairFront_04","Delta":{"e00":1.0,"e01":0.0,"e02":4.617570974023433e-14,"e03":0.000025443732738494873,"e10":0.0,"e11":1.0,"e12":0.0,"e13":0.0021362442057579757,"e20":-4.617570974023433e-14,"e21":0.0,"e22":1.0,"e23":-0.000002219674570369534,"e30":0.0,"e31":0.0,"e32":0.0,"e33":1.0}},{"Name":"RTRig_L_HairSideburns","Delta":{"e00":0.9997143745422363,"e01":6.599762514269969e-8,"e02":0.023904889822006227,"e03":0.0004875661979895085,"e10":-6.744625835608531e-8,"e11":1.0000001192092896,"e12":1.4210854715202005e-14,"e13":-1.0755418777819159e-8,"e20":-0.023904889822006227,"e21":-1.8078767993756629e-7,"e22":0.9997143149375916,"e23":-0.0009423571755178273,"e30":0.0,"e31":0.0,"e32":0.0,"e33":1.0}},{"Name":"RTRig_R_HairBack_00","Delta":{"e00":0.2052854746580124,"e01":0.7522655725479126,"e02":-0.6260627508163452,"e03":-0.12318533658981323,"e10":0.7606099247932434,"e11":-0.5251835584640503,"e12":-0.3816474974155426,"e13":0.09840666502714157,"e20":-0.6158981323242188,"e21":-0.39784282445907595,"e22":-0.6799930334091187,"e23":-0.11921196430921555,"e30":0.0,"e31":0.0,"e32":0.0,"e33":1.0}},{"Name":"RTRig_R_HairBack_01","Delta":{"e00":0.49999985098838808,"e01":-6.58017498267327e-8,"e02":0.8660253882408142,"e03":-0.14800618588924409,"e10":-7.655572715743828e-15,"e11":1.0,"e12":7.598132611974506e-8,"e13":0.001044560456648469,"e20":-0.866025447845459,"e21":-3.7990655954445177e-8,"e22":0.49999988079071047,"e23":0.08408084511756897,"e30":0.0,"e31":0.0,"e32":0.0,"e33":1.0}},{"Name":"RTRig_R_HairBack_02","Delta":{"e00":0.9396926164627075,"e01":-4.941237818911759e-8,"e02":0.3420201241970062,"e03":-0.19138020277023316,"e10":2.751653696221334e-17,"e11":1.0,"e12":1.4447212492996187e-7,"e13":-0.00020775171287823468,"e20":-0.3420201539993286,"e21":-1.3575939306065266e-7,"e22":0.9396925568580627,"e23":0.03235363960266113,"e30":0.0,"e31":0.0,"e32":0.0,"e33":1.0}},{"Name":"RTRig_R_HairBack_03","Delta":{"e00":0.9848077297210693,"e01":-4.5263810477536029e-8,"e02":0.1736481785774231,"e03":-0.19583889842033387,"e10":4.141161443301693e-15,"e11":1.0,"e12":2.6066382474709828e-7,"e13":-0.0006306975847110152,"e20":-0.1736481785774231,"e21":-2.5670379955045066e-7,"e22":0.9848077893257141,"e23":0.015736045315861703,"e30":0.0,"e31":0.0,"e32":0.0,"e33":1.0}},{"Name":"RTRig_R_HairBack_04","Delta":{"e00":1.0,"e01":5.2602557726322277e-11,"e02":-1.6332456762892245e-13,"e03":-0.19734331965446473,"e10":-5.2602557726322277e-11,"e11":1.0,"e12":2.275840323487377e-12,"e13":-0.000835875456687063,"e20":1.6332456762892245e-13,"e21":-2.275840323487377e-12,"e22":1.0,"e23":-0.0014009096194058657,"e30":0.0,"e31":0.0,"e32":0.0,"e33":1.0}},{"Name":"RTRig_R_HairBangs","Delta":{"e00":-0.9997144937515259,"e01":5.460268326373807e-8,"e02":-0.02390499785542488,"e03":-0.29568710923194888,"e10":5.459975938038042e-8,"e11":1.0,"e12":7.742823049383674e-10,"e13":9.61362989215786e-9,"e20":0.02390505000948906,"e21":-5.311629469595403e-10,"e22":-0.9997144341468811,"e23":-0.15648233890533448,"e30":0.0,"e31":0.0,"e32":0.0,"e33":1.0}},{"Name":"RTRig_R_HairFront_00","Delta":{"e00":-2.1019437212999038e-7,"e01":0.9997143149375916,"e02":-0.023904740810394288,"e03":-0.14331476390361787,"e10":1.0000001192092896,"e11":1.2644052560517594e-7,"e12":3.2782557468635789e-7,"e13":0.1418590545654297,"e20":3.016521255005955e-9,"e21":-0.023904848843812944,"e22":-0.9997143745422363,"e23":-0.12177453935146332,"e30":0.0,"e31":0.0,"e32":0.0,"e33":1.0}},{"Name":"RTRig_R_HairFront_01","Delta":{"e00":0.49999985098838808,"e01":-2.5701754058360395e-9,"e02":0.8660253882408142,"e03":-0.13454551994800569,"e10":-1.1321161252908496e-7,"e11":1.0,"e12":6.833050747445668e-8,"e13":0.001516327727586031,"e20":-0.866025447845459,"e21":-1.3220939365510277e-7,"e22":0.49999988079071047,"e23":0.0776744857430458,"e30":0.0,"e31":0.0,"e32":0.0,"e33":1.0}},{"Name":"RTRig_R_HairFront_02","Delta":{"e00":0.8660178184509277,"e01":-3.3945504185339816e-9,"e02":0.5000132322311401,"e03":-0.1673637181520462,"e10":-1.071489066362119e-7,"e11":1.0,"e12":1.9236972548242194e-7,"e13":0.00207128981128335,"e20":-0.5000132918357849,"e21":-2.2017147216502054e-7,"e22":0.866017758846283,"e23":0.04484635218977928,"e30":0.0,"e31":0.0,"e32":0.0,"e33":1.0}},{"Name":"RTRig_R_HairFront_03","Delta":{"e00":0.9848098158836365,"e01":1.1974938374237354e-8,"e02":0.17363595962524415,"e03":-0.17802242934703828,"e10":-8.413506691340445e-8,"e11":1.0,"e12":4.08222547321202e-7,"e13":0.0021444063168019058,"e20":-0.17363595962524415,"e21":-4.16630513200289e-7,"e22":0.9848098754882813,"e23":0.015576079487800599,"e30":0.0,"e31":0.0,"e32":0.0,"e33":1.0}},{"Name":"RTRig_R_HairFront_04","Delta":{"e00":1.0,"e01":0.0,"e02":-7.942463960824986e-14,"e03":-0.1793859302997589,"e10":0.0,"e11":1.0,"e12":0.0,"e13":0.00213624513708055,"e20":7.942463960824986e-14,"e21":0.0,"e22":1.0,"e23":0.0000022319004528981169,"e30":0.0,"e31":0.0,"e32":0.0,"e33":1.0}},{"Name":"RTRig_R_HairSideburns","Delta":{"e00":-0.9997143745422363,"e01":6.45727666892526e-8,"e02":-0.023904994130134584,"e03":-0.07882402092218399,"e10":6.744625835608531e-8,"e11":1.0000001192092896,"e12":-8.75007650293384e-15,"e13":1.0755490720271155e-8,"e20":0.023904994130134584,"e21":-2.403753001090081e-7,"e22":-0.9997143149375916,"e23":-0.04078657925128937,"e30":0.0,"e31":0.0,"e32":0.0,"e33":1.0}},{"Name":"RTRig_R_Clavicle","Delta":{"e00":1.000000238418579,"e01":2.3841860752327195e-7,"e02":1.224647514329658e-16,"e03":0.09063134342432022,"e10":2.3841860752327195e-7,"e11":1.000000238418579,"e12":1.22464738198076e-16,"e13":-5.494105081993439e-8,"e20":-1.224647249631862e-16,"e21":-1.224647646678556e-16,"e22":1.0000004768371583,"e23":-4.0502134979192308e-10,"e30":0.0,"e31":0.0,"e32":0.0,"e33":1.0}},{"Name":"RTRig_R_Shoulder","Delta":{"e00":0.9999999403953552,"e01":-0.0000074843919719569389,"e02":-0.00004329750663600862,"e03":4.275397813557902e-9,"e10":0.000007495395038858987,"e11":0.9999999403953552,"e12":-0.00008867894939612597,"e13":0.0000012213383797643474,"e20":0.00004326253110775724,"e21":0.00008866174903232604,"e22":1.0,"e23":0.000007144702976802364,"e30":0.0,"e31":0.0,"e32":0.0,"e33":1.0}},{"Name":"RTRig_R_HandGrip","Delta":{"e00":1.0,"e01":0.0,"e02":0.0,"e03":7.450580596923828e-9,"e10":0.0,"e11":1.0,"e12":0.000049479564040666446,"e13":-4.656612873077393e-10,"e20":0.0,"e21":-0.000049479564040666446,"e22":1.0,"e23":-1.862645149230957e-9,"e30":0.0,"e31":0.0,"e32":0.0,"e33":1.0}},{"Name":"RTRig_R_IndexMeta","Delta":{"e00":1.0,"e01":-1.5771124406427362e-9,"e02":4.689139299074441e-9,"e03":5.479289910681473e-9,"e10":5.1184572136264709e-9,"e11":1.0,"e12":0.00004947883280692622,"e13":-2.4951869459499678e-9,"e20":9.876622186766327e-9,"e21":-0.00004947981142322533,"e22":1.0,"e23":1.6495477206390775e-9,"e30":0.0,"e31":0.0,"e32":0.0,"e33":1.0}},{"Name":"RTRig_R_MiddleMeta","Delta":{"e00":1.0,"e01":-4.4977041535609887e-10,"e02":-9.938625034067173e-9,"e03":-2.005074328792489e-9,"e10":3.175884832895548e-10,"e11":1.0,"e12":0.00004947973502567038,"e13":7.332363188838898e-11,"e20":-3.978542828519949e-9,"e21":-0.00004947949491906911,"e22":0.9999999403953552,"e23":-1.3278217414480765e-9,"e30":0.0,"e31":0.0,"e32":0.0,"e33":1.0}},{"Name":"RTRig_R_PinkyMeta","Delta":{"e00":0.9956029653549194,"e01":0.09363742917776108,"e02":0.002613275544717908,"e03":0.0018969320226460696,"e10":-0.09183280169963837,"e11":0.9701516628265381,"e12":0.22443796694278718,"e13":-0.002061866456642747,"e20":0.018480515107512475,"e21":-0.22369104623794557,"e22":0.9744848012924194,"e23":-0.004405874293297529,"e30":0.0,"e31":0.0,"e32":0.0,"e33":1.0}},{"Name":"RTRig_R_PinkyProximal","Delta":{"e00":0.9958361983299255,"e01":-0.08465887606143952,"e02":-0.0338115431368351,"e03":4.76739225874212e-9,"e10":0.0748533308506012,"e11":0.9710660576820374,"e12":-0.22677730023860932,"e13":-9.721713434274193e-10,"e20":0.05203193426132202,"e21":0.22330208122730256,"e22":0.9733596444129944,"e23":-1.938615587504522e-11,"e30":0.0,"e31":0.0,"e32":0.0,"e33":1.0}},{"Name":"RTRig_R_RingMeta","Delta":{"e00":1.0000001192092896,"e01":3.171221618636366e-10,"e02":-2.29835084297747e-9,"e03":-2.1832942120880718e-9,"e10":4.959699317907962e-10,"e11":1.0,"e12":0.000049479553126730025,"e13":9.27928289762292e-10,"e20":-9.243236176459391e-10,"e21":-0.000049479564040666446,"e22":1.0,"e23":7.836772342173504e-10,"e30":0.0,"e31":0.0,"e32":0.0,"e33":1.0}},{"Name":"RTRig_R_ThumbCarpal","Delta":{"e00":0.9999999403953552,"e01":-5.084106646791042e-8,"e02":3.389403246956135e-8,"e03":2.4385238273083589e-9,"e10":4.374003026441642e-8,"e11":1.0,"e12":0.000049428628699388355,"e13":-6.865341628525812e-12,"e20":-6.315527656397535e-8,"e21":-0.0000494164414703846,"e22":0.9999999403953552,"e23":-2.043331281953442e-9,"e30":0.0,"e31":0.0,"e32":0.0,"e33":1.0}}]}
